250
57
75
53
82
98
54
56
64
62
96
100
57
56
63
88
93
73
77
53
50
51
92
77
80
98
65
63
85
97
53
86
77
52
55
60
86
66
53
55
97
94
96
91
91
59
70
62
55
61
54
87
59
67
75
87
89
62
65
77
73
63
95
82
68
53
57
87
72
79
79
71
90
81
60
53
75
78
80
75
89
75
50
98
95
95
75
70
97
83
94
53
82
54
92
79
80
60
84
81
61
56
60
84
73
90
74
68
87
95
59
94
50
65
81
89
67
62
51
91
69
72
99
82
66
63
62
52
85
52
95
63
66
53
72
92
63
53
65
71
57
58
89
70
83
85
74
62
83
66
93
58
58
61
80
81
85
90
80
78
66
76
64
76
56
76
56
82
78
76
58
60
96
96
91
90
77
62
54
100
53
80
82
70
59
92
78
84
61
88
82
76
95
78
78
60
85
58
50
99
68
75
84
74
92
73
81
85
70
78
95
92
83
59
63
99
51
63
92
86
58
62
95
62
78
78
91
77
75
59
100
100
95
100
51
69
85
96
64
78
68
87
50
100
59
95
80
82
67
72
75